-0.026596 
0.021491 
-0.118131 
-0.162612 
-0.153836 
0.129379 
0.019148 
0.155775 
0.029864 
-0.300216 
-0.107888 
-0.114667 
0.006036 
-0.081883 
0.131394 
-0.141632 
-0.099600 
-0.272319 
0.137777 
-0.115558 
-0.204192 
-0.143515 
-0.130336 
0.052338 
0.077862 
0.041191 
0.262984 
-0.361915 
-0.046910 
-0.068463 
-0.124297 
-0.101379 
-0.073872 
-0.115808 
-0.172226 
-0.011041 
-0.012231 
0.000591 
0.229171 
-0.201818 
0.149108 
0.098922 
0.008324 
-0.025986 
-0.109107 
-0.014492 
-0.033720 
0.092797 
-0.233283 
0.060955 
0.066927 
0.119246 
-0.119759 
-0.041871 
-0.117777 
0.281526 
0.219960 
-0.204112 
0.088963 
-0.059845 
-0.012148 
-0.014003 
-0.031150 
-0.182778 
0.053997 
0.195104 
0.099266 
-0.217273 
-0.150587 
0.025433 
-0.130630 
-0.194452 
0.150667 
-0.078555 
0.070089 
-0.222154 
0.033439 
-0.004018 
0.164496 
0.087019 
0.172425 
-0.106340 
-0.133405 
-0.083886 
-0.191040 
-0.098287 
-0.128546 
0.075944 
-0.051915 
0.004194 
0.141004 
-0.000370 
0.192890 
0.021869 
-0.041422 
-0.019725 
0.079835 
-0.033727 
0.112505 
-0.039301 
-0.061654 
-0.118180 
0.007237 
0.003779 
0.098953 
-0.009164 
0.046261 
0.144492 
0.037060 
0.125086 
0.228555 
-0.072655 
0.121235 
0.159304 
0.000096 
0.059519 
-0.085974 
-0.185230 
0.029344 
0.173865 
0.175979 
-0.113364 
-0.056175 
-0.114671 
0.004828 
-0.214173 
0.110108 
0.170150 
0.210041 
-0.098408 
0.092533 
0.227687 
0.012069 
0.258632 
0.007033 
-0.061608 
-0.026888 
0.087038 
0.119850 
0.054924 
-0.035601 
-0.038230 
-0.026233 
-0.109339 
-0.210128 
-0.080154 
0.039331 
-0.220759 
0.001285 
-0.057369 
0.009590 
0.082853 
-0.052072 
-0.291745 
-0.132144 
-0.131229 
-0.330650 
-0.029551 
-0.089321 
-0.051563 
0.204019 
-0.165054 
-0.180396 
0.243227 
0.142784 
-0.068704 
-0.001461 
-0.099736 
-0.153490 
0.199070 
0.093663 
0.067032 
0.190143 
0.075846 
0.126595 
0.019767 
-0.044990 
0.083758 
0.241899 
0.004497 
-0.112317 
-0.057401 
-0.090965 
-0.185443 
-0.021920 
-0.102099 
-0.020447 
-0.012830 
-0.201630 
-0.199200 
0.030006 
0.237558 
-0.008140 
0.100820 
-0.082368 
-0.157152 
0.021024 
-0.067887 
0.029600 
0.078586 
-0.165826 
0.064242 
-0.151418 
-0.193265 
-0.071885 
0.027152 
-0.026785 
0.002549 
0.042247 
-0.041640 
-0.076992 
0.023476 
0.023361 
-0.132465 
0.124748 
0.003489 
-0.207554 
0.014553 
0.206417 
-0.055348 
0.043479 
-0.070310 
0.119278 
0.190761 
0.044408 
-0.134344 
0.018372 
-0.112022 
-0.008682 
-0.146594 
-0.047816 
0.000571 
-0.005692 
-0.110903 
0.057967 
0.015286 
0.074625 
0.029010 
-0.109769 
0.054026 
0.134644 
0.097949 
0.082441 
0.119459 
0.188766 
-0.070180 
0.239283 
-0.034110 
-0.043898 
0.026722 
-0.066641 
0.146474 
-0.033650 
-0.300815 
-0.260982 
-0.133149 
-0.141954 
0.048854 
0.054124 
-0.015576 
0.111581 
-0.114690 
-0.194247 
-0.140557 
-0.179868 
-0.203092 
0.100963 
0.098715 
0.017083 
0.142863 
0.208046 
0.093860 
-0.220566 
-0.202943 
0.064842 
0.003544 
-0.188927 
0.101453 
0.098130 
-0.157550 
-0.089123 
0.017824 
-0.055082 
-0.023817 
0.141497 
-0.012647 
-0.057857 
0.118206 
0.040608 
0.276392 
0.294721 
-0.001823 
0.015906 
0.073838 
0.193856 
-0.038467 
-0.076692 
-0.119863 
0.092882 
0.071927 
-0.222141 
0.212524 
-0.026476 
0.255845 
-0.001944 
-0.144201 
-0.096511 
-0.057476 
0.150910 
-0.081636 
0.051441 
-0.164534 
-0.205682 
-0.240242 
-0.249096 
0.100252 
0.019056 
0.132645 
0.058921 
-0.114557 
0.089377 
-0.097341 
-0.225482 
-0.304061 
0.005019 
0.067355 
0.015723 
-0.466139 
0.077235 
-0.222599 
0.108973 
-0.073948 
-0.107810 
0.064729 
0.100589 
0.058253 
0.022625 
0.325901 
0.048619 
0.110121 
0.164675 
0.040750 
-0.023390 
0.037304 
0.133530 
-0.277746 
-0.182086 
-0.186070 
0.041537 
-0.175829 
-0.037665 
0.079757 
0.297562 
0.101958 
-0.173320 
-0.031945 
-0.021551 
0.150018 
0.022250 
-0.007356 
-0.027316 
-0.189233 
0.118804 
0.044683 
0.136135 
-0.247447 
-0.092906 
0.183340 
0.186240 
0.139939 
0.020085 
0.210826 
-0.269161 
-0.140358 
-0.138348 
-0.063943 
0.237143 
0.192464 
-0.065173 
-0.284929 
0.133174 
0.117312 
0.112799 
-0.082487 
-0.017681 
-0.110884 
0.007034 
0.039549 
-0.183108 
0.202243 
-0.014794 
-0.121733 
0.039835 
0.068012 
0.105619 
-0.005428 
-0.026855 
-0.052505 
-0.171213 
-0.215196 
0.083398 
-0.054753 
-0.095121 
-0.010720 
-0.092411 
0.066534 
0.087271 
-0.249454 
0.259489 
0.338776 
0.291860 
0.255634 
0.265429 
0.081396 
0.119347 
-0.089895 
0.085580 
-0.044773 
-0.150383 
-0.025431 
-0.159295 
0.228065 
0.050029 
0.098269 
0.111176 
0.124393 
0.013184 
-0.066917 
0.105749 
0.063373 
0.270294 
0.049448 
0.177037 
0.142803 
-0.480742 
-0.271178 
-0.085750 
-0.162808 
0.064044 
0.177897 
0.167178 
0.304036 
0.136223 
-0.087198 
-0.156318 
-0.144676 
-0.412723 
-0.031877 
0.082080 
0.029369 
0.059134 
0.037804 
-0.052014 
-0.322007 
-0.124032 
-0.036250 
-0.285316 
0.215101 
0.061633 
0.176164 
0.044118 
0.052598 
0.064765 
0.122010 
0.014446 
-0.082924 
0.049085 
0.156645 
-0.094586 
-0.194017 
-0.091739 
0.108417 
0.041024 
-0.012675 
-0.143077 
-0.047543 
-0.169618 
0.053683 
-0.150807 
0.131884 
0.285224 
-0.081510 
0.160923 
0.106941 
0.102650 
0.120782 
-0.141768 
-0.215009 
-0.228384 
0.026418 
0.019566 
0.105852 
0.038210 
-0.036127 
-0.016468 
0.061529 
0.023853 
-0.185785 
0.122221 
-0.032334 
0.088029 
-0.084433 
0.031407 
0.110704 
-0.056469 
-0.252049 
-0.241876 
-0.040056 
0.060029 
0.033547 
0.249590 
-0.199521 
-0.242430 
0.165227 
0.064424 
-0.006875 
0.150237 
0.127119 
-0.090058 
-0.078723 
-0.133216 
0.034820 
0.131323 
-0.158002 
-0.284501 
-0.052406 
-0.032871 
-0.257115 
-0.062069 
-0.194456 
-0.053143 
0.055774 
0.081870 
0.017200 
-0.007109 
-0.111592 
0.041530 
0.172233 
0.000558 
-0.058010 
-0.033148 
-0.228554 
-0.073483 
-0.005261 
-0.060556 
0.014152 
-0.007801 
0.016869 
0.152899 
-0.154407 
-0.144226 
-0.029854 
0.100225 
0.020560 
0.073270 
-0.031187 
-0.064215 
0.037213 
-0.011486 
-0.048362 
0.270026 
0.130148 
0.056079 
0.197824 
0.147162 
-0.061988 
-0.172976 
0.023405 
-0.207534 
0.151065 
-0.096297 
-0.163035 
-0.027363 
0.107323 
0.021044 
-0.046699 
-0.070335 
0.075850 
-0.035272 
-0.066815 
0.073901 
0.011783 
-0.005560 
-0.004520 
0.123891 
-0.120000 
0.199743 
-0.018317 
-0.059588 
-0.153329 
-0.235947 
-0.160491 
-0.162703 
-0.227636 
-0.056232 
-0.036827 
-0.015472 
-0.205379 
0.166166 
0.135837 
-0.027277 
0.063485 
-0.158097 
-0.112202 
0.187738 
-0.060294 
-0.042576 
-0.019018 
-0.092721 
-0.068101 
0.064692 
-0.078286 
0.171670 
0.053566 
0.088262 
0.169775 
0.141871 
-0.024809 
-0.073418 
-0.033317 
0.112628 
-0.020471 
-0.103513 
0.104115 
-0.066076 
-0.060197 
0.112698 
-0.165105 
0.007126 
0.057716 
-0.061695 
-0.021767 
-0.155270 
-0.037276 
0.081994 
0.010155 
0.054759 
0.088757 
0.072091 
-0.442495 
-0.132068 
-0.455058 
-0.194783 
0.158754 
-0.015104 
-0.109416 
0.029412 
0.032241 
0.142150 
-0.009148 
0.197152 
-0.241994 
-0.278086 
0.236302 
-0.145143 
0.175638 
0.083161 
-0.238922 
-0.139679 
-0.058525 
-0.012521 
0.018835 
0.033665 
-0.147843 
-0.003527 
-0.213603 
-0.055288 
0.059532 
0.078424 
-0.048471 
-0.094396 
0.048318 
0.034038 
0.233698 
0.104838 
-0.077316 
-0.074981 
-0.142112 
-0.016814 
-0.033338 
0.137964 
-0.037513 
0.094046 
0.092590 
-0.287308 
-0.050455 
-0.040567 
-0.056653 
0.132859 
0.209211 
0.035124 
0.074700 
0.013830 
-0.093645 
-0.012637 
0.176170 
-0.091277 
0.080506 
-0.127297 
0.099421 
0.247186 
-0.142855 
-0.113269 
-0.117468 
-0.093360 
-0.233388 
0.128529 
0.163374 
0.040482 
0.247658 
0.114839 
-0.053149 
-0.022643 
-0.277550 
-0.309737 
-0.007221 
-0.297624 
-0.012334 
0.026712 
-0.132058 
0.142543 
0.038355 
-0.083463 
-0.090481 
-0.071038 
-0.193650 
-0.107595 
0.071956 
-0.086529 
-0.072072 
-0.233617 
0.009182 
0.094204 
0.048158 
0.145355 
-0.073951 
0.166212 
0.012063 
0.094726 
-0.106558 
-0.162189 
-0.176540 
0.034191 
-0.269363 
-0.125641 
0.017936 
0.122857 
0.097337 
-0.050268 
0.010161 
0.046749 
0.194099 
-0.050516 
-0.238339 
-0.008892 
0.144202 
0.013558 
-0.204645 
0.100017 
0.126644 
-0.022854 
0.027911 
0.085529 
0.008675 
0.067114 
0.155653 
0.057945 
0.093170 
0.215899 
0.105276 
0.002132 
0.100756 
0.035926 
0.251218 
-0.071151 
-0.190589 
0.133509 
0.079870 
0.099046 
-0.059265 
-0.058770 
-0.006111 
-0.098899 
0.032991 
-0.321422 
0.087249 
0.132860 
0.090580 
-0.018688 
0.042329 
0.013396 
-0.014521 
0.163793 
0.004189 
-0.114854 
-0.085482 
0.137357 
-0.008699 
-0.066593 
0.009965 
-0.052116 
-0.020716 
-0.044921 
-0.158932 
-0.183639 
-0.109986 
-0.111122 
-0.069393 
-0.087952 
0.079213 
-0.101344 
-0.255749 
-0.049461 
0.041651 
0.051630 
0.002825 
0.005035 
0.022210 
-0.176746 
-0.256749 
-0.114574 
0.103608 
0.149886 
-0.155512 
-0.078083 
0.215683 
0.016675 
-0.021391 
0.127451 
0.140832 
0.089352 
-0.120618 
0.010696 
-0.078455 
-0.012615 
0.047978 
0.288082 
0.283384 
-0.028369 
0.029552 
-0.037992 
-0.002960 
0.322639 
0.066384 
0.145004 
0.051472 
-0.339542 
-0.135353 
0.088051 
-0.080274 
0.083683 
-0.113478 
0.274736 
-0.319803 
-0.207790 
-0.065348 
-0.230681 
0.008888 
-0.003872 
0.100395 
0.067625 
0.109704 
-0.107327 
-0.293725 
0.043720 
-0.005031 
0.076580 
-0.156537 
0.033027 
0.028470 
-0.184375 
0.021753 
-0.009977 
0.264639 
0.111252 
0.225138 
-0.024275 
-0.022046 
0.013529 
0.026388 
-0.076545 
0.175231 
-0.008534 
-0.001511 
-0.281548 
-0.149671 
0.256028 
-0.013937 
-0.201640 
0.035058 
-0.051179 
0.018053 
0.198647 
-0.021296 
-0.183445 
-0.237513 
-0.049947 
0.020811 
-0.193190 
0.178536 
0.136064 
-0.316125 
0.072223 
0.139066 
0.076508 
0.140581 
-0.057123 
-0.156042 
0.053137 
0.051856 
-0.226883 
0.332039 
0.244032 
0.336363 
0.150510 
0.052061 
0.168456 
-0.020649 
0.147092 
-0.255277 
-0.256595 
-0.147063 
-0.121441 
-0.107094 
0.224083 
-0.399753 
-0.081454 
0.051967 
-0.067589 
0.222630 
-0.035510 
0.028538 
-0.138531 
0.220667 
0.021602 
0.020944 
0.025140 
-0.117706 
0.057384 
-0.028921 
0.073075 
0.034198 
-0.000205 
0.210756 
0.108327 
0.015947 
0.239854 
0.294199 
-0.056940 
0.176788 
0.109933 
0.258849 
0.237406 
0.106799 
-0.068913 
-0.223043 
0.058266 
-0.183325 
-0.132398 
-0.199762 
-0.154031 
0.138001 
0.026422 
-0.053159 
-0.172250 
0.067656 
0.075425 
0.206150 
0.000250 
-0.061818 
0.006365 
0.044454 
0.130827 
0.299687 
0.217444 
-0.033627 
0.139940 
0.011535 
-0.002975 
0.173338 
0.078499 
0.049389 
0.101183 
0.077105 
0.149719 
0.428806 
0.220847 
0.017866 
0.261150 
0.149164 
-0.143958 
-0.050877 
-0.131556 
-0.144748 
0.042754 
0.001156 
-0.023723 
-0.183549 
-0.007425 
-0.082503 
0.026668 
0.040185 
-0.164285 
0.040929 
-0.043607 
-0.157331 
-0.039464 
-0.005211 
-0.218030 
-0.134531 
-0.059077 
0.149488 
0.246785 
0.148611 
-0.058834 
0.148430 
0.049241 
-0.129967 
-0.074593 
-0.102059 
0.156256 
0.076105 
0.276491 
0.229342 
0.293436 
0.196328 
-0.139615 
-0.274650 
-0.160455 
-0.152766 
-0.210901 
-0.314671 
-0.371762 
-0.211146 
0.161922 
-0.136987 
-0.256988 
-0.216940 
0.106120 
-0.087797 
0.065668 
-0.036786 
-0.075239 
0.086563 
-0.045685 
-0.185098 
-0.136234 
0.083505 
0.004481 
-0.126251 
-0.170791 
0.203810 
0.127404 
0.136213 
0.166799 
0.195803 
0.066209 
-0.035221 
-0.012291 
-0.241433 
0.009282 
0.062891 
-0.290053 
-0.345371 
-0.393201 
-0.248080 
-0.250976 
-0.243757 
-0.209683 
-0.034409 
0.044354 
-0.089442 
-0.123076 
-0.192050 
-0.132004 
-0.168311 
-0.065060 
-0.251767 
0.084413 
-0.026383 
0.040474 
0.184784 
0.121752 
0.167562 
0.177063 
0.067427 
0.158759 
0.032138 
-0.086938 
0.006054 
-0.184902 
-0.001880 
-0.011936 
-0.167304 
-0.167296 
0.044992 
-0.023222 
-0.031444 
0.073347 
0.024228 
0.032269 
0.088913 
0.123816 
0.107166 
0.352539 
0.108867 
-0.011784 
0.077165 
-0.111344 
-0.239648 
-0.017944 
-0.056797 
-0.099238 
0.011073 
-0.031699 
0.125170 
0.021180 
0.173060 
0.042337 
0.024998 
-0.063740 
-0.017901 
0.207174 
0.246884 
0.057926 
-0.311580 
0.331607 
0.059563 
-0.055293 
-0.025518 
-0.193173 
0.050545 
0.188398 
0.019923 
-0.204624 
0.136937 
0.102846 
0.045584 
-0.142839 
0.118066 
0.008378 
0.068702 
0.019501 
-0.270634 
-0.099863 
0.000765 
-0.039846 
-0.225823 
-0.040396 
-0.103594 
-0.116499 
-0.145462 
-0.159060 
0.184031 
-0.043596 
-0.119500 
0.029992 
-0.191110 
-0.013679 
0.063978 
-0.114365 
-0.371681 
-0.040378 
-0.361511 
-0.092242 
0.099253 
0.019288 
0.006070 
0.179373 
-0.079111 
-0.044888 
0.252878 
0.102816 
-0.130963 
-0.050419 
-0.008175 
-0.096101 
-0.271326 
-0.129161 
-0.047760 
-0.179644 
-0.068617 
-0.436964 
-0.093755 
0.057446 
-0.007867 
0.050112 
0.104669 
-0.156033 
-0.081289 
-0.009439 
0.021669 
-0.069382 
-0.001853 
-0.045216 
0.141986 
0.104948 
-0.068949 
-0.110300 
-0.055494 
-0.148458 
-0.189777 
0.245160 
-0.090382 
-0.181757 
-0.062213 
-0.120704 
-0.085795 
0.052840 
-0.107970 
0.009570 
0.076647 
-0.159817 
-0.036084 
0.219147 
-0.145164 
-0.061739 
-0.010177 
-0.021068 
-0.074729 
0.041691 
-0.035167 
-0.049045 
-0.002498 
0.039365 
0.127724 
-0.070171 
-0.225782 
0.074777 
0.212279 
-0.005953 
0.033254 
-0.188239 
-0.122578 
-0.043839 
-0.238845 
-0.089860 
-0.006604 
-0.201206 
0.052438 
-0.071723 
-0.246553 
-0.068211 
0.010381 
-0.188628 
-0.178121 
0.087884 
-0.192825 
-0.136292 
-0.046547 
-0.145975 
0.143304 
0.041641 
-0.086207 
-0.000065 
0.078973 
-0.094588 
-0.022141 
-0.127654 
-0.164133 
0.007398 
-0.201597 
-0.211045 
-0.095640 
-0.168758 
-0.251255 
0.137869 
0.057966 
0.052845 
0.128615 
-0.067680 
-0.191600 
-0.035745 
-0.004004 
0.000291 
-0.039740 
0.070073 
-0.004390 
0.166771 
0.160794 
0.155812 
-0.074615 
-0.033195 
-0.002639 
0.091747 
0.006044 
0.024318 
-0.028071 
0.026522 
-0.099791 
-0.193176 
0.127418 
0.059621 
-0.124653 
-0.000517 
-0.034865 
0.206879 
-0.129619 
0.030787 
-0.009818 
0.123630 
-0.041188 
-0.199138 
-0.058311 
-0.160137 
0.093266 
-0.240691 
-0.016819 
-0.009085 
0.159684 
-0.056881 
-0.023271 
0.105915 
-0.136027 
-0.010412 
-0.107313 
-0.068459 
-0.080957 
0.107965 
-0.072480 
-0.129220 
-0.076155 
0.221421 
-0.200705 
-0.261159 
-0.132907 
0.078990 
-0.060724 
-0.280790 
-0.189088 
-0.073047 
0.239203 
-0.058581 
-0.175765 
-0.039498 
-0.053855 
0.128897 
-0.028136 
-0.042945 
0.111770 
-0.109219 
0.030131 
-0.026926 
0.052156 
0.101752 
-0.003353 
-0.190407 
-0.096251 
0.075463 
0.029097 
-0.253677 
-0.040545 
-0.105177 
-0.024714 
0.019416 
-0.188859 
-0.189883 
-0.073961 
0.005522 
0.310584 
-0.000923 
0.148756 
-0.219980 
0.030644 
-0.210989 
-0.198402 
0.070781 
0.283618 
-0.022571 
-0.156389 
-0.021534 
-0.011907 
0.122755 
-0.137548 
0.017335 
-0.164720 
-0.071497 
-0.155466 
-0.113167 
-0.248922 
-0.145361 
0.122172 
-0.119917 
-0.202836 
-0.359728 
-0.249394 
0.193164 
-0.080253 
-0.001339 
0.069286 
0.159705 
-0.153818 
-0.170623 
-0.092144 
0.094837 
0.006882 
-0.167497 
-0.348652 
-0.118655 
-0.304729 
-0.171836 
-0.070032 
-0.118863 
-0.200640 
-0.114920 
0.015914 
-0.318256 
-0.186641 
0.139877 
0.030323 
-0.000022 
-0.099180 
-0.236748 
-0.001536 
0.008115 
-0.182012 
-0.174264 
-0.076209 
-0.037044 
0.271596 
0.002213 
0.000406 
0.173941 
0.039361 
-0.086558 
-0.053787 
0.060423 
-0.197244 
-0.026274 
-0.013692 
-0.162015 
0.048880 
0.112972 
0.076298 
0.149912 
0.130266 
-0.155008 
0.053017 
0.058448 
-0.209445 
0.112638 
-0.101891 
-0.069630 
-0.044795 
-0.136004 
-0.009320 
0.295899 
-0.242034 
0.025057 
-0.050819 
0.037457 
0.143368 
-0.091489 
-0.086413 
-0.029715 
0.322497 
-0.162694 
0.029182 
-0.006042 
-0.078299 
0.006916 
0.082604 
0.152152 
0.049872 
0.128170 
-0.046053 
-0.049321 
-0.190529 
0.016585 
-0.088672 
-0.014664 
0.035142 
-0.039063 
0.027442 
-0.017195 
0.194757 
-0.128882 
-0.186903 
0.029268 
-0.155589 
-0.096667 
0.026602 
0.021969 
-0.114730 
-0.165182 
0.158797 
-0.091518 
-0.073876 
-0.034207 
0.112873 
0.176963 
-0.053487 
0.292889 
0.184633 
-0.123684 
0.027222 
-0.066644 
-0.043023 
-0.002282 
-0.029753 
0.034432 
-0.099633 
0.010499 
0.102217 
-0.139052 
-0.300063 
-0.209107 
-0.036914 
-0.013626 
-0.028396 
0.078902 
0.062342 
0.146954 
0.132842 
0.006954 
-0.030953 
0.091851 
0.186074 
0.121458 
0.070436 
0.066188 
0.250494 
-0.117495 
0.155635 
0.058288 
-0.099313 
-0.023459 
0.071178 
-0.064170 
-0.052383 
-0.004085 
0.024164 
-0.092484 
-0.099401 
0.024588 
0.009355 
-0.014715 
0.154199 
-0.007842 
0.010585 
-0.159074 
0.106121 
0.031779 
0.178656 
-0.014877 
0.165889 
0.058907 
0.025695 
0.261884 
-0.131734 
-0.013796 
0.029705 
-0.054969 
-0.145553 
-0.158077 
-0.046049 
0.187536 
0.000444 
0.034544 
0.067700 
-0.008791 
0.176772 
0.153874 
-0.073501 
0.065181 
0.137356 
-0.097378 
-0.222200 
0.044526 
0.064670 
-0.055760 
-0.104362 
-0.009211 
-0.364471 
0.109693 
0.150565 
-0.046883 
-0.024509 
0.130617 
0.231240 
0.165513 
0.059186 
-0.034761 
-0.141557 
-0.143916 
-0.067226 
-0.050830 
-0.023466 
0.069965 
-0.057771 
0.131515 
0.135081 
0.228486 
0.042377 
-0.120546 
0.117879 
0.273357 
0.255678 
0.255797 
0.269529 
0.253892 
0.446433 
-0.175210 
-0.111513 
-0.084303 
-0.092506 
-0.015344 
-0.171724 
-0.165218 
-0.006440 
-0.019107 
-0.030157 
0.079108 
0.048473 
0.170715 
-0.032060 
0.000785 
-0.078039 
-0.236530 
0.234785 
0.273018 
-0.094074 
-0.015017 
0.077053 
0.131881 
-0.086766 
0.035669 
0.134263 
0.212336 
0.032808 
-0.206740 
-0.189020 
0.038596 
-0.112220 
-0.252740 
-0.371535 
-0.078378 
0.104712 
-0.040646 
-0.100646 
0.216994 
0.182043 
0.029772 
0.029820 
0.008331 
-0.007782 
-0.145985 
-0.053200 
-0.064745 
-0.085133 
0.033154 
-0.080641 
0.074260 
-0.114062 
0.010030 
-0.191848 
0.020318 
0.026433 
0.138516 
0.028332 
-0.082870 
-0.031099 
-0.139395 
0.077084 
0.162053 
-0.197885 
-0.015261 
0.067547 
-0.113679 
-0.232706 
0.139995 
0.199986 
0.042222 
0.009430 
0.120598 
0.188924 
0.174609 
0.036153 
0.128930 
0.070706 
0.202846 
0.047750 
0.085758 
-0.094826 
0.001197 
0.218940 
0.162640 
0.097372 
0.217134 
0.382932 
0.038783 
-0.234702 
-0.004237 
0.150243 
0.012713 
-0.135480 
0.050562 
-0.126663 
0.083696 
-0.153264 
0.034318 
0.030022 
0.075070 
0.216605 
-0.120612 
-0.044188 
0.117183 
-0.172649 
-0.107761 
0.062435 
-0.124476 
0.006714 
-0.034778 
-0.076723 
0.163538 
-0.179829 
0.039372 
0.049262 
-0.070398 
0.085473 
0.007444 
0.048855 
0.064879 
0.064577 
0.109357 
-0.039618 
0.083360 
0.149355 
-0.256207 
-0.069786 
-0.030375 
-0.230012 
0.051192 
0.112449 
-0.218038 
-0.113740 
0.015885 
-0.144641 
0.020040 
0.006206 
0.069825 
0.057579 
-0.010268 
-0.227201 
0.041527 
-0.098498 
-0.189078 
-0.214107 
-0.023673 
-0.231001 
-0.095253 
0.219287 
-0.192522 
0.152451 
-0.107007 
-0.182454 
-0.080351 
-0.208864 
-0.052790 
0.070640 
-0.021611 
-0.154612 
0.051628 
-0.170439 
-0.146672 
0.087615 
-0.082408 
-0.056406 
-0.018546 
-0.201643 
-0.264829 
-0.054596 
-0.132465 
0.149695 
0.201042 
-0.097057 
0.031045 
0.251054 
-0.067722 
-0.082096 
-0.119598 
-0.117300 
0.031589 
0.083709 
-0.047867 
0.048059 
0.129097 
-0.143714 
0.063429 
-0.050325 
0.089997 
0.110977 
0.124386 
0.017805 
0.153945 
0.216909 
-0.030308 
0.235060 
0.110251 
0.066377 
0.037778 
0.053980 
-0.142094 
-0.050018 
0.167325 
0.005116 
0.018218 
-0.097145 
-0.200286 
-0.000674 
0.204364 
0.099031 
-0.218709 
0.167663 
-0.139483 
-0.295334 
-0.131525 
-0.052500 
-0.161762 
0.040011 
-0.105560 
-0.004657 
0.103697 
0.046369 
0.122632 
0.175729 
0.067516 
0.016317 
-0.019855 
0.088888 
-0.088306 
0.162752 
-0.147982 
-0.128238 
-0.199031 
0.130965 
-0.216888 
-0.163378 
0.126005 
0.129620 
0.135160 
-0.050146 
0.081854 
0.093451 
-0.019991 
-0.294473 
-0.090630 
0.024180 
0.362071 
0.168698 
-0.137565 
-0.060312 
0.139006 
0.183979 
-0.172929 
0.041222 
0.200346 
-0.116366 
-0.078172 
-0.011450 
0.156953 
0.058668 
0.231581 
-0.076803 
-0.031938 
0.018645 
0.084023 
-0.122503 
-0.154292 
0.184563 
0.135632 
0.140607 
-0.146104 
0.043570 
-0.279710 
0.075985 
0.128776 
0.052533 
0.041755 
0.002385 
0.161961 
0.095649 
0.143297 
-0.121647 
-0.243787 
-0.064010 
-0.081604 
0.153203 
0.086270 
0.165021 
0.019805 
0.019581 
0.017087 
0.164280 
0.041459 
0.158203 
0.219060 
-0.094675 
-0.068421 
0.018005 
0.045509 
-0.058189 
-0.257887 
-0.223867 
-0.236835 
0.055949 
0.030898 
-0.009305 
-0.029377 
-0.054765 
0.079497 
-0.181695 
-0.011713 
-0.121550 
0.002279 
-0.197473 
-0.316780 
0.010126 
-0.071694 
-0.247443 
-0.130530 
-0.107579 
-0.082969 
0.138274 
0.077229 
-0.099562 
0.003534 
0.071076 
0.094400 
-0.279238 
-0.282555 
-0.278791 
-0.086838 
-0.183837 
-0.166024 
0.036281 
0.080360 
-0.138807 
-0.126958 
0.176977 
-0.099693 
-0.092994 
-0.292730 
-0.348464 
0.188702 
-0.131878 
-0.211605 
-0.096043 
0.108369 
-0.209062 
-0.182153 
-0.200243 
-0.027241 
-0.052445 
-0.029449 
-0.029663 
-0.031541 
0.130494 
-0.046212 
-0.231117 
-0.226844 
0.057986 
-0.095367 
-0.137190 
-0.206503 
-0.190294 
0.255157 
0.021382 
-0.240345 
-0.214446 
-0.433225 
-0.117994 
0.042633 
0.106989 
-0.127383 
0.192333 
0.179977 
-0.249506 
-0.105523 
-0.149670 
-0.187013 
-0.019442 
0.114584 
0.030625 
0.089216 
0.044034 
-0.172078 
-0.151342 
0.145410 
-0.264622 
0.027507 
0.029373 
0.109525 
0.005451 
0.039455 
-0.110350 
0.077312 
0.028313 
-0.066406 
-0.042789 
0.125547 
-0.147060 
-0.056747 
-0.063018 
-0.416973 
-0.179767 
-0.155967 
0.179316 
-0.216863 
-0.045131 
0.082702 
0.117281 
0.134298 
-0.078049 
-0.149886 
-0.130834 
-0.033524 
0.079054 
0.030464 
0.040361 
-0.041317 
-0.113423 
-0.070989 
0.007676 
0.105350 
0.040396 
-0.013019 
-0.048435 
0.004350 
0.056004 
-0.078831 
-0.122949 
-0.248818 
-0.087767 
-0.050262 
-0.169759 
0.042787 
-0.051619 
0.016671 
-0.033946 
-0.079409 
0.032485 
0.042331 
-0.017668 
0.293172 
0.224252 
-0.031462 
0.343800 
0.122502 
-0.041158 
-0.072731 
0.065683 
0.253029 
0.035352 
0.000605 
0.133324 
0.141532 
0.066902 
0.015083 
0.069819 
-0.007876 
-0.027597 
-0.026992 
0.082736 
0.068988 
0.132765 
0.015979 
0.001430 
-0.042639 
-0.075509 
0.034959 
0.181797 
0.202404 
0.104206 
0.168028 
0.158367 
-0.020427 
-0.075688 
0.129073 
0.058986 
-0.109508 
0.324036 
0.013199 
-0.115097 
0.024876 
-0.272002 
-0.142694 
0.083678 
-0.015502 
-0.125576 
0.127513 
0.091634 
0.164659 
0.029674 
0.061565 
-0.212962 
0.025391 
0.109614 
0.118235 
0.119735 
0.095767 
0.333976 
0.055643 
0.112509 
0.001546 
-0.101550 
0.033309 
-0.340845 
0.019592 
-0.007742 
-0.011426 
0.200310 
-0.171711 
-0.196165 
0.009678 
0.066813 
-0.017806 
0.022498 
0.030086 
-0.034839 
-0.087245 
0.049195 
0.173515 
-0.133717 
-0.079253 
0.045711 
-0.056629 
-0.268788 
0.053888 
-0.178668 
0.037705 
-0.109172 
-0.120433 
0.100914 
0.165404 
0.127042 
0.178852 
0.156996 
0.041534 
0.079902 
-0.152562 
0.152200 
0.140223 
0.088964 
0.044057 
0.024424 
-0.055789 
-0.204360 
0.055159 
0.037268 
-0.362708 
0.250889 
0.063923 
0.245218 
0.156983 
-0.055239 
0.030445 
0.075636 
0.046760 
-0.074705 
0.126561 
-0.036512 
0.103061 
-0.065873 
0.003512 
0.074094 
-0.147570 
-0.117319 
-0.056425 
0.002485 
-0.127211 
0.067400 
-0.177455 
-0.081748 
-0.025162 
-0.191449 
-0.212886 
-0.064130 
0.090098 
0.139050 
0.021373 
-0.099002 
-0.209231 
-0.089397 
0.016981 
0.154499 
0.132626 
0.007927 
-0.007402 
0.025587 
-0.069594 
-0.016185 
0.194429 
0.068878 
-0.050248 
0.102191 
-0.009055 
0.118570 
-0.031329 
0.022743 
0.042702 
-0.252147 
-0.196413 
-0.287120 
-0.154470 
-0.081178 
-0.033875 
-0.001315 
0.095280 
0.065550 
-0.231070 
-0.168794 
-0.220950 
-0.423428 
0.071910 
0.219143 
0.230720 
0.183171 
0.263853 
0.089162 
0.178351 
-0.066587 
0.021613 
-0.028852 
0.270224 
0.095845 
-0.025262 
0.192777 
0.066550 
0.144132 
0.003691 
-0.097759 
-0.143038 
-0.217542 
-0.115426 
0.056763 
0.171492 
-0.147256 
-0.259997 
0.083037 
-0.337696 
-0.284944 
-0.241032 
-0.348099 
-0.024394 
0.183973 
-0.048503 
-0.177423 
-0.050882 
-0.202404 
0.036418 
0.103298 
-0.124602 
-0.105442 
0.259354 
-0.042402 
-0.166296 
0.385189 
0.035235 
0.112305 
0.062031 
0.069246 
0.003529 
0.337142 
0.084985 
0.025879 
0.140395 
0.124498 
-0.116682 
-0.052852 
-0.110847 
-0.178271 
0.092785 
-0.029497 
-0.242203 
-0.028551 
-0.130752 
-0.313184 
-0.227686 
-0.215817 
0.097813 
-0.124515 
-0.117359 
-0.101330 
-0.255291 
-0.120251 
0.302801 
0.245342 
0.241853 
0.038150 
0.348258 
-0.036835 
-0.107488 
0.095523 
-0.093621 
0.051627 
0.042026 
0.005164 
0.225777 
0.212068 
-0.077630 
-0.194364 
0.046114 
0.005984 
-0.042150 
-0.328763 
-0.146509 
0.101551 
0.055625 
-0.222123 
-0.072380 
-0.081133 
-0.100876 
0.118042 
-0.045173 
-0.112989 
-0.067202 
0.089035 
-0.179931 
-0.214786 
-0.002879 
0.110672 
-0.204322 
-0.316489 
-0.121176 
-0.020773 
0.070095 
0.007990 
-0.004948 
0.205676 
-0.117257 
-0.021085 
-0.025607 
0.000669 
0.065810 
-0.178073 
-0.102385 
-0.135094 
0.135771 
-0.122998 
-0.175585 
-0.049820 
-0.017771 
0.074558 
0.110910 
-0.043211 
-0.019676 
-0.089975 
-0.069243 
-0.171535 
-0.112347 
0.023969 
0.079612 
0.204601 
-0.193792 
0.000215 
-0.092618 
0.111497 
-0.049455 
-0.045973 
-0.126273 
-0.063715 
0.037397 
-0.161360 
-0.190370 
0.114541 
-0.267615 
-0.211918 
-0.089243 
-0.165260 
0.046506 
0.080415 
-0.138792 
-0.106736 
0.048164 
0.046111 
-0.364189 
-0.103773 
0.112822 
-0.005575 
0.121139 
-0.193558 
0.124265 
0.052806 
-0.068273 
0.025661 
-0.045641 
0.120884 
-0.025733 
-0.154600 
-0.166206 
0.113018 
0.132382 
-0.027405 
-0.239363 
0.019750 
-0.031319 
0.278766 
0.219479 
-0.102635 
-0.090212 
0.005406 
-0.042375 
0.083337 
0.194155 
0.009037 
0.091608 
-0.028157 
-0.047306 
-0.081089 
0.144459 
0.045927 
0.107077 
0.058788 
0.138795 
0.224206 
-0.114762 
0.111446 
-0.000852 
0.092396 
0.038309 
0.118222 
0.015218 
-0.042046 
-0.193608 
-0.251819 
-0.285551 
-0.073000 
0.056321 
0.130444 
0.017504 
-0.131276 
0.048848 
0.148249 
-0.114233 
-0.030997 
-0.227313 
-0.046795 
0.039655 
-0.063058 
-0.293631 
-0.085670 
-0.085065 
-0.057247 
-0.038619 
-0.142703 
-0.079157 
-0.180668 
0.058443 
-0.105885 
-0.089385 
-0.215970 
-0.194930 
-0.261460 
0.098609 
-0.056012 
0.065877 
0.234635 
0.087704 
-0.029538 
-0.129271 
0.179477 
-0.176679 
0.002628 
-0.005238 
0.006143 
-0.102439 
-0.084089 
0.107610 
-0.087972 
-0.078985 
-0.276790 
0.044404 
0.087251 
0.035792 
-0.096402 
-0.003110 
0.093497 
0.098839 
0.031051 
-0.098378 
-0.012464 
0.064553 
-0.036145 
0.000820 
-0.279691 
-0.105463 
-0.082544 
0.131135 
0.107009 
0.007456 
0.024791 
0.010293 
-0.123291 
-0.079783 
-0.055760 
-0.053549 
0.159380 
0.266730 
0.069080 
0.073945 
0.083874 
-0.130244 
-0.340874 
0.220641 
0.125644 
0.064832 
0.165342 
-0.095056 
0.111650 
0.083881 
-0.208104 
-0.306360 
-0.164538 
0.048295 
0.014311 
0.093385 
-0.329421 
0.134606 
-0.085982 
-0.118699 
-0.212057 
-0.063211 
-0.003368 
-0.036565 
0.050032 
-0.076826 
0.063461 
0.169007 
0.008465 
-0.366084 
-0.187035 
-0.111842 
-0.045296 
-0.054570 
-0.015935 
-0.162189 
-0.072786 
-0.286550 
-0.111488 
-0.092778 
0.090634 
-0.019730 
0.183146 
-0.032399 
-0.019273 
0.021174 
-0.029821 
-0.202667 
0.015755 
-0.063186 
0.183941 
0.049556 
-0.095235 
-0.325024 
0.188638 
0.101766 
-0.253871 
-0.180474 
-0.197618 
-0.067278 
-0.178128 
0.046677 
0.029109 
0.138069 
0.052389 
0.100301 
-0.186066 
-0.117949 
0.045299 
0.034258 
0.089918 
-0.083820 
0.104846 
-0.027670 
-0.255592 
-0.052474 
0.062586 
0.156692 
-0.015073 
0.164551 
-0.177022 
0.202612 
-0.161160 
-0.132461 
0.014543 
0.128338 
0.253891 
-0.114047 
0.277021 
-0.203719 
0.231450 
0.094408 
-0.028563 
0.022507 
-0.071276 
0.016911 
-0.070861 
-0.153227 
-0.183533 
0.062516 
0.001436 
-0.186648 
0.230751 
0.022639 
-0.084438 
0.009664 
0.043856 
0.089644 
0.282701 
0.010079 
-0.093850 
0.008339 
0.130969 
-0.019284 
-0.106843 
-0.074748 
-0.287870 
0.227598 
0.274824 
0.063787 
0.155006 
0.141377 
-0.121724 
0.129804 
0.171830 
-0.190682 
0.219703 
0.165741 
-0.424289 
-0.031877 
-0.096745 
-0.145863 
0.153517 
0.008497 
-0.103027 
0.050340 
0.137073 
-0.388270 
0.054553 
-0.030799 
-0.104611 
-0.161782 
0.041059 
-0.033343 
-0.039366 
0.134678 
0.051713 
0.343959 
0.095399 
-0.240495 
0.011497 
0.029278 
-0.207820 
0.123690 
-0.115341 
-0.118495 
0.162559 
-0.034664 
-0.098868 
-0.061729 
0.024865 
-0.209928 
0.122506 
0.042315 
-0.104600 
-0.178642 
-0.002861 
-0.091377 
-0.320218 
0.122492 
-0.041195 
-0.298968 
0.010171 
-0.021143 
0.008237 
0.253720 
0.084539 
-0.023216 
-0.034779 
0.008434 
-0.217162 
-0.028469 
-0.050023 
-0.102579 
-0.017977 
-0.051212 
-0.323543 
-0.070069 
-0.199486 
-0.039509 
0.035050 
-0.025630 
-0.173282 
0.082655 
0.262842 
0.182289 
-0.095688 
-0.191679 
-0.065812 
-0.083668 
0.076118 
0.205920 
-0.054273 
-0.230372 
-0.238935 
-0.165463 
0.087521 
0.083578 
-0.129884 
-0.049099 
0.012795 
-0.171033 
-0.049690 
0.188745 
0.060209 
0.045183 
-0.015454 
-0.005999 
0.119116 
0.401652 
0.047999 
0.038496 
-0.175140 
-0.000463 
0.174669 
-0.052106 
-0.069494 
-0.039377 
0.223094 
-0.073499 
-0.054690 
-0.135470 
-0.125716 
0.041050 
0.029225 
-0.262740 
-0.179914 
0.035195 
0.092493 
0.003402 
0.136026 
0.124562 
0.039970 
-0.065680 
0.001594 
0.027939 
-0.145821 
-0.027048 
-0.028646 
0.084574 
0.123187 
0.065248 
0.042057 
-0.090549 
-0.156583 
0.144364 
0.020952 
0.095978 
0.003613 
0.145200 
0.018137 
-0.130993 
-0.015708 
-0.077383 
0.039254 
0.271208 
-0.053581 
-0.118600 
0.061510 
-0.028240 
-0.069595 
0.048399 
0.019558 
-0.134881 
0.062349 
0.106103 
-0.059112 
-0.062087 
-0.037608 
-0.105309 
0.163111 
-0.093560 
-0.159261 
0.044709 
-0.033828 
-0.138514 
-0.100915 
0.189038 
-0.077014 
0.178189 
0.080319 
-0.081202 
0.104803 
0.056566 
-0.163350 
0.004707 
0.087845 
0.173446 
-0.013327 
-0.154264 
-0.120561 
0.054206 
0.101161 
-0.120266 
-0.014941 
0.051201 
0.076881 
0.294442 
0.061198 
-0.146757 
-0.129668 
0.061168 
-0.113944 
-0.198484 
0.099195 
-0.264939 
-0.003900 
0.014361 
-0.333062 
-0.181364 
-0.030099 
-0.040642 
-0.191203 
-0.223497 
-0.278187 
0.115674 
0.044461 
0.049869 
-0.058165 
-0.040040 
0.055717 
-0.207633 
-0.030792 
0.022629 
-0.137764 
0.056640 
0.094099 
0.059354 
-0.079921 
0.150596 
-0.104260 
0.051729 
-0.403746 
-0.008847 
-0.108815 
-0.191680 
-0.025371 
0.033335 
-0.037877 
-0.057292 
-0.036231 
-0.314281 
0.081699 
0.092507 
-0.187531 
0.120025 
-0.024547 
-0.236256 
-0.272717 
-0.101549 
-0.234939 
-0.067231 
0.419166 
0.246704 
0.186852 
0.058035 
0.157953 
-0.041150 
-0.036296 
0.005808 
-0.058577 
0.114380 
-0.008272 
0.039810 
0.040390 
0.029063 
-0.113973 
-0.292420 
-0.198687 
0.103751 
0.218393 
-0.125873 
-0.091930 
0.017069 
-0.173055 
-0.170403 
-0.364906 
-0.391481 
0.004145 
0.101266 
-0.227853 
-0.134032 
0.004758 
-0.295822 
-0.186145 
-0.259233 
-0.090591 
0.056423 
0.070930 
-0.023763 
0.151167 
-0.000214 
0.055694 
0.115577 
0.120101 
-0.078123 
0.038981 
-0.003977 
0.017467 
-0.014775 
-0.013495 
0.018550 
0.001575 
0.001919 
-0.007724 
0.022147 
0.029027 
-0.045152 
0.058570 
0.165860 
0.020802 
-0.147213 
-0.112571 
-0.119658 
0.091320 
0.030051 
-0.187574 
-0.013870 
-0.013783 
0.058395 
-0.061886 
-0.116190 
-0.093153 
0.171342 
0.009860 
-0.136127 
0.034255 
-0.076729 
0.071226 
0.118445 
0.022408 
0.355482 
0.055968 
-0.017693 
-0.180036 
-0.028496 
-0.030741 
0.109828 
0.028409 
-0.144927 
-0.089327 
-0.118479 
-0.090868 
-0.101073 
0.119663 
-0.014953 
0.093175 
-0.000590 
-0.186854 
0.005702 
-0.183103 
-0.141134 
-0.161388 
0.025004 
-0.159549 
0.089921 
-0.162345 
-0.225920 
-0.241282 
-0.094556 
-0.147011 
-0.072339 
-0.087226 
0.157945 
0.082377 
0.111418 
-0.115330 
0.012953 
-0.074165 
-0.181712 
-0.039421 
0.003285 
-0.105757 
0.041821 
-0.006837 
-0.039074 
0.054420 
0.045375 
0.000806 
-0.194692 
-0.105128 
-0.274167 
-0.192275 
-0.098898 
0.164221 
0.036809 
0.046758 
-0.303589 
0.018069 
0.036722 
0.031146 
0.047397 
-0.092618 
0.151119 
0.101940 
0.155704 
0.016444 
-0.120596 
-0.022095 
-0.045560 
-0.064597 
-0.127481 
-0.066273 
-0.047340 
-0.072371 
-0.322318 
-0.174604 
0.082004 
0.012219 
-0.017706 
-0.057609 
0.014698 
-0.053003 
0.185645 
-0.263640 
0.098704 
-0.014624 
0.058564 
0.122951 
0.117206 
-0.063853 
0.172924 
0.120449 
-0.033624 
-0.075822 
0.029328 
-0.118831 
0.015820 
-0.039056 
-0.056324 
0.001285 
-0.007842 
-0.222528 
-0.131681 
0.050056 
0.211906 
0.045373 
0.073489 
0.071565 
0.106234 
0.136271 
-0.068635 
0.147184 
0.202036 
-0.192984 
-0.005723 
0.182040 
0.131692 
0.013411 
0.174899 
0.116238 
-0.011518 
-0.011338 
-0.076241 
-0.104639 
-0.050664 
-0.223388 
-0.056422 
-0.057382 
-0.086349 
0.078615 
-0.116575 
0.009338 
-0.007521 
0.001081 
-0.406890 
0.146078 
0.237754 
-0.063313 
-0.006610 
0.151350 
-0.053814 
-0.065789 
0.037437 
-0.074808 
0.186066 
0.265345 
0.004846 
-0.152286 
-0.115247 
-0.010306 
0.092100 
0.096003 
-0.341551 
0.172510 
-0.157370 
-0.339957 
0.026919 
0.103752 
0.014812 
0.121764 
0.157577 
-0.341035 
-0.006437 
-0.209572 
-0.024516 
0.138181 
0.220861 
0.061644 
0.076907 
0.215368 
-0.137106 
-0.139748 
0.117584 
-0.035404 
-0.051028 
-0.144050 
0.285939 
0.282800 
0.130777 
-0.328410 
0.161802 
-0.022140 
0.036717 
0.036824 
0.053288 
-0.063260 
0.201144 
0.171491 
0.104324 
0.028266 
-0.100553 
-0.078606 
-0.001856 
0.043095 
-0.182976 
0.113460 
0.174723 
-0.041764 
0.025685 
-0.083490 
0.073915 
0.078556 
0.034599 
-0.135730 
0.126538 
0.046559 
-0.172277 
-0.251996 
-0.137024 
-0.003866 
-0.130856 
-0.018554 
-0.029433 
0.338462 
0.176129 
-0.045168 
-0.109192 
0.046657 
0.141732 
0.018699 
0.155224 
0.184542 
0.194322 
-0.119785 
-0.056891 
0.158362 
-0.209497 
-0.027586 
0.049562 
-0.037079 
0.027305 
-0.175352 
0.020698 
-0.114525 
-0.205954 
-0.142150 
-0.082570 
0.196450 
-0.115696 
0.015611 
-0.088508 
-0.043310 
-0.142364 
0.001386 
-0.022851 
-0.108303 
-0.023476 
0.175228 
0.058087 
-0.005195 
0.093189 
-0.025685 
0.024487 
0.346096 
0.237366 
0.075109 
0.115472 
0.120860 
0.253977 
0.192973 
0.125820 
0.112043 
0.018138 
-0.146247 
-0.199929 
-0.150001 
-0.070300 
-0.284642 
-0.444591 
-0.266404 
-0.009406 
0.018347 
-0.116316 
-0.330270 
-0.018117 
0.001348 
0.008781 
-0.445271 
-0.066916 
0.125736 
0.197072 
0.274492 
0.113958 
0.033969 
0.094182 
-0.104214 
-0.229375 
-0.141117 
-0.137267 
0.062247 
0.189615 
-0.266195 
0.300587 
0.154328 
0.157093 
-0.001845 
0.047633 
0.076787 
-0.156968 
0.059312 
0.255286 
0.160061 
0.148087 
-0.108277 
-0.089494 
-0.068560 
-0.045504 
-0.119274 
0.019153 
0.314964 
-0.024734 
-0.043267 
-0.176273 
-0.173288 
-0.061453 
-0.197332 
0.005431 
-0.246387 
0.136582 
0.038191 
0.324128 
0.163741 
0.273018 
0.187526 
0.010326 
0.104589 
0.086851 
0.054096 
0.094692 
-0.067500 
0.152361 
-0.163646 
-0.152019 
0.003888 
-0.070015 
0.022298 
0.193862 
-0.016173 
0.112456 
-0.025501 
0.039237 
-0.021306 
-0.160522 
-0.080568 
-0.079110 
0.190734 
-0.018718 
0.085105 
-0.137470 
0.030825 
-0.030879 
-0.242720 
0.095955 
0.039692 
0.019091 
-0.273729 
0.003764 
0.091459 
-0.099609 
-0.127655 
-0.149549 
-0.105374 
-0.269932 
0.337459 
-0.250331 
-0.048696 
0.123022 
0.164510 
0.065099 
-0.137410 
0.145170 
0.109609 
0.025452 
-0.125877 
-0.018563 
0.004356 
0.116384 
0.095165 
0.191234 
0.056223 
0.021155 
0.075354 
0.099450 
0.016838 
-0.106208 
0.019791 
0.060395 
0.144248 
-0.135907 
-0.165893 
0.264189 
0.035398 
-0.061375 
-0.139958 
0.172948 
0.121048 
0.001483 
-0.349334 
-0.285043 
0.108910 
0.047057 
-0.202723 
-0.048166 
-0.103043 
-0.106829 
-0.033739 
0.098430 
0.184348 
0.306668 
0.128041 
-0.062005 
-0.021613 
0.016290 
0.193363 
0.239980 
0.025683 
0.178565 
0.228496 
0.030477 
0.049973 
0.213126 
0.178944 
0.311192 
-0.050328 
0.130844 
0.067970 
0.059747 
-0.151154 
-0.174787 
-0.202173 
-0.166518 
-0.081109 
0.040077 
0.161134 
-0.042166 
-0.231848 
-0.237645 
-0.168974 
-0.061092 
0.060573 
-0.050850 
-0.039537 
0.039392 
0.022576 
0.014841 
0.085051 
0.149702 
0.084091 
0.171626 
0.130909 
0.106928 
0.040269 
-0.010167 
-0.015085 
-0.124660 
-0.163153 
0.108655 
-0.027997 
-0.119236 
-0.152667 
-0.001447 
-0.166416 
-0.061185 
-0.006835 
0.120040 
-0.074345 
-0.019833 
0.083802 
-0.129522 
0.011366 
-0.044435 
0.037942 
-0.046545 
-0.366937 
-0.114076 
0.088644 
-0.152110 
0.026306 
-0.011420 
0.084706 
0.020204 
0.008931 
-0.205631 
-0.071516 
-0.114469 
0.095802 
-0.212468 
-0.092676 
-0.063154 
-0.092413 
-0.050625 
-0.101586 
-0.096049 
-0.056853 
-0.123655 
-0.262287 
-0.052647 
0.036611 
0.261143 
-0.074269 
-0.082445 
0.054237 
0.063291 
-0.078288 
-0.104671 
-0.291809 
-0.067220 
0.036894 
0.132876 
0.142343 
0.133966 
0.007978 
-0.298874 
-0.187983 
-0.010195 
-0.019797 
-0.028808 
-0.153897 
-0.092227 
-0.089276 
0.155745 
0.138800 
0.132532 
-0.123134 
-0.323976 
-0.162132 
0.017571 
-0.210132 
0.015127 
0.207046 
0.087925 
0.029189 
-0.201105 
-0.090668 
0.041060 
-0.055626 
0.097753 
-0.026258 
-0.069262 
0.041202 
-0.070326 
-0.031126 
0.042156 
0.110271 
0.099726 
-0.144115 
0.183897 
0.028391 
-0.090994 
-0.206237 
-0.009702 
-0.140993 
-0.185187 
-0.062262 
-0.120810 
-0.134133 
0.149557 
-0.184033 
-0.007014 
0.089988 
-0.131145 
0.043446 
-0.334038 
-0.194931 
-0.233182 
0.106277 
-0.092916 
0.074290 
-0.027226 
0.070820 
0.040329 
-0.083040 
-0.133315 
-0.024545 
0.005714 
-0.260483 
0.082204 
-0.020569 
-0.005870 
-0.024712 
-0.148283 
-0.114442 
0.137894 
0.155480 
-0.268505 
-0.010011 
0.180898 
0.003981 
0.235539 
-0.079725 
0.063449 
0.052466 
0.076168 
-0.073410 
0.079840 
0.018023 
0.032384 
0.177409 
-0.019302 
-0.006186 
-0.054546 
-0.087734 
-0.044151 
0.095162 
0.046898 
0.201196 
0.263914 
0.191264 
0.081622 
0.111402 
0.037818 
-0.182711 
0.167487 
0.220512 
0.188405 
0.251336 
-0.031006 
-0.053276 
0.091088 
0.349208 
-0.112895 
0.361141 
-0.080436 
-0.039737 
0.101032 
-0.083781 
0.177287 
-0.138267 
0.065607 
0.069947 
-0.062113 
0.121940 
0.044038 
0.177911 
0.173275 
-0.123767 
-0.146644 
0.072805 
0.241437 
-0.061400 
0.069022 
0.131491 
0.003885 
-0.096026 
0.112909 
-0.096687 
0.146209 
0.025004 
0.187261 
0.023222 
0.142631 
0.125830 
0.127865 
0.135821 
0.051424 
0.138423 
-0.190128 
-0.051535 
0.120982 
-0.216501 
0.073270 
-0.039384 
0.163886 
0.024980 
-0.117526 
-0.053886 
-0.009223 
0.234969 
-0.195284 
0.036290 
-0.097447 
0.062901 
0.201759 
-0.074332 
0.027942 
0.001409 
0.115826 
-0.118538 
0.268320 
-0.066250 
0.295398 
0.066902 
-0.145347 
-0.166076 
0.021818 
0.131420 
-0.042626 
0.318084 
-0.074775 
0.190803 
-0.035403 
0.024517 
0.106948 
-0.023889 
0.115943 
-0.050902 
-0.099359 
-0.147822 
-0.048554 
0.042052 
-0.104664 
-0.203383 
-0.024910 
0.157675 
0.154476 
0.170102 
-0.087793 
0.002302 
0.082793 
-0.001823 
0.133882 
0.175454 
0.283120 
0.235216 
0.228297 
-0.089788 
0.017663 
-0.115270 
0.035218 
0.029198 
-0.061479 
0.161538 
0.191385 
0.334269 
0.193163 
0.095183 
0.138588 
0.033570 
0.029090 
0.048361 
0.001070 
-0.073141 
-0.106750 
-0.278930 
-0.075387 
0.006062 
-0.021326 
-0.033937 
-0.073735 
0.101788 
-0.015881 
0.063066 
-0.167186 
-0.105507 
0.284348 
-0.169953 
-0.113339 
0.090069 
0.161258 
0.126068 
0.023023 
-0.099618 
-0.182872 
-0.070539 
0.127015 
0.197554 
0.237397 
0.117918 
0.115715 
0.145752 
-0.074822 
0.009915 
0.225606 
0.163324 
0.199717 
0.205163 
-0.045543 
-0.068817 
0.059772 
-0.047352 
-0.038566 
-0.271732 
0.049832 
-0.020688 
-0.020882 
0.127695 
0.168350 
-0.000679 
-0.032817 
-0.016866 
0.090503 
0.318400 
-0.004653 
-0.019176 
-0.044502 
0.053405 
0.123118 
0.168216 
0.185092 
0.041183 
0.160868 
0.007468 
0.215451 
0.002973 
0.116404 
0.106505 
0.129381 
0.255144 
0.077716 
0.066327 
-0.076611 
0.069528 
-0.063464 
0.154880 
0.009757 
-0.090492 
-0.032698 
0.010681 
0.117840 
-0.046455 
-0.047899 
0.015776 
-0.098744 
-0.164416 
0.105638 
0.326744 
0.101254 
0.122690 
-0.114790 
-0.032147 
-0.032987 
-0.029453 
-0.216976 
-0.133848 
0.177488 
-0.072054 
-0.134073 
0.009881 
0.098964 
0.249048 
-0.004040 
-0.110580 
0.288958 
0.347912 
0.127494 
-0.154976 
-0.022017 
0.238577 
-4.970902